t_cam: [0, 0, -0.04]
cam_to_quad_rot: [0,1,0,1,0,0,0,0,-1]
camera_matrix: [320.25492609007654, 0.0, 320.5, 0.0, 320.25492609007654, 240.5, 0.0, 0.0, 1.0]
verbose: true
image_height: 480
image_width: 640
